# Array shape: (928, 1)
64
65
66
67
732
733
734
735
428
429
430
431
760
761
762
763
224
225
226
227
472
473
474
475
172
173
174
175
484
485
486
487
4
5
6
7
836
837
838
839
176
177
178
179
348
349
350
351
240
241
242
243
840
841
842
843
16
17
18
19
904
905
906
907
752
753
754
755
460
461
462
463
20
21
22
23
580
581
582
583
488
489
490
491
124
125
126
127
292
293
294
295
476
477
478
479
368
369
370
371
136
137
138
139
0
1
2
3
744
745
746
747
252
253
254
255
324
325
326
327
332
333
334
335
528
529
530
531
260
261
262
263
148
149
150
151
184
185
186
187
24
25
26
27
356
357
358
359
816
817
818
819
392
393
394
395
80
81
82
83
736
737
738
739
908
909
910
911
404
405
406
407
844
845
846
847
780
781
782
783
596
597
598
599
232
233
234
235
792
793
794
795
824
825
826
827
168
169
170
171
192
193
194
195
248
249
250
251
576
577
578
579
564
565
566
567
72
73
74
75
520
521
522
523
132
133
134
135
500
501
502
503
364
365
366
367
380
381
382
383
492
493
494
495
652
653
654
655
384
385
386
387
516
517
518
519
328
329
330
331
924
925
926
927
672
673
674
675
272
273
274
275
264
265
266
267
756
757
758
759
48
49
50
51
480
481
482
483
852
853
854
855
340
341
342
343
300
301
302
303
160
161
162
163
560
561
562
563
188
189
190
191
68
69
70
71
680
681
682
683
728
729
730
731
512
513
514
515
800
801
802
803
432
433
434
435
464
465
466
467
400
401
402
403
524
525
526
527
416
417
418
419
740
741
742
743
704
705
706
707
412
413
414
415
212
213
214
215
592
593
594
595
296
297
298
299
108
109
110
111
44
45
46
47
40
41
42
43
336
337
338
339
640
641
642
643
104
105
106
107
768
769
770
771
376
377
378
379
724
725
726
727
508
509
510
511
548
549
550
551
676
677
678
679
660
661
662
663
244
245
246
247
860
861
862
863
864
865
866
867
128
129
130
131
424
425
426
427
8
9
10
11
12
13
14
15
504
505
506
507
612
613
614
615
540
541
542
543
420
421
422
423
632
633
634
635
96
97
98
99
556
557
558
559
700
701
702
703
868
869
870
871
892
893
894
895
308
309
310
311
832
833
834
835
644
645
646
647
636
637
638
639
796
797
798
799
788
789
790
791
116
117
118
119
28
29
30
31
600
601
602
603
444
445
446
447
628
629
630
631
616
617
618
619
56
57
58
59
820
821
822
823
344
345
346
347
552
553
554
555
828
829
830
831
912
913
914
915
304
305
306
307
164
165
166
167
884
885
886
887
280
281
282
283
916
917
918
919
620
621
622
623
256
257
258
259
668
669
670
671
320
321
322
323
52
53
54
55
216
217
218
219
36
37
38
39
32
33
34
35
624
625
626
627
920
921
922
923
352
353
354
355
876
877
878
879
584
585
586
587
848
849
850
851
468
469
470
471
688
689
690
691
648
649
650
651
692
693
694
695
684
685
686
687
228
229
230
231
872
873
874
875
200
201
202
203
888
889
890
891
604
605
606
607
568
569
570
571
140
141
142
143
60
61
62
63
196
197
198
199
748
749
750
751
204
205
206
207
284
285
286
287
812
813
814
815
436
437
438
439
656
657
658
659
808
809
810
811
764
765
766
767
712
713
714
715
220
221
222
223
784
785
786
787
716
717
718
719
92
93
94
95
208
209
210
211
544
545
546
547
572
573
574
575
452
453
454
455
696
697
698
699
316
317
318
319
496
497
498
499
236
237
238
239
536
537
538
539
408
409
410
411
100
101
102
103
276
277
278
279
588
589
590
591
804
805
806
807
664
665
666
667
288
289
290
291
880
881
882
883
856
857
858
859
360
361
362
363
776
777
778
779
312
313
314
315
84
85
86
87
156
157
158
159
448
449
450
451
900
901
902
903
120
121
122
123
896
897
898
899
772
773
774
775
268
269
270
271
88
89
90
91
388
389
390
391
152
153
154
155
396
397
398
399
708
709
710
711
76
77
78
79
720
721
722
723
144
145
146
147
440
441
442
443
180
181
182
183
456
457
458
459
372
373
374
375
532
533
534
535
112
113
114
115
608
609
610
611
